A = [1:5; 6:10; 11:15; 16:20];

b=[1 1 1 1]
c=[1;1;1;1;1]
result=b*A*c
