hundred=0.1/(9.58/(60*60))
marathon=42.195/(2+(1/60)+(39/(60*60)))
